105396824
760491717
417607834
125363151
978344395
850843037
921190591
870255828
819890357
020961797
283385788
322058308
011812277
716843573
634930318
192066959
741281027
091487171
919403007
432610620
038218766
207448181
578873248
286617977
425049135
738936225
383308329
666537985
356559266
535348580
530941737
441365589
880738319
212067186
835850757
318093806
398071827
994452189
409268016
725157853
313757119
229435544
670706814
810564069
139697451
647744778
351953580
685585839
079800628
996857052
585472870
363108475
595315616
420195410
451471400
562466352
103805170
017825823
902845517
819361221
468756954
222487207
996718409
364801603
504561656
060964872
103897147
882861154
491759510
752984715
011558123
945690071
465378204
578619825
612387012
858083620
456006003
925795476
129907463
558892317
248007558
214140835
712630500
049941050
232111242
277105737
687699068
546712014
672467238
349876955
254266658
530296134
816941823
042864929
160773211
902328416
138877227
165367719
563095894
931451033
288705888
318162390
251555257
553167858
656702030
288095370
027884143
726719785
922577478
982766965
055334579
932754742
667946916
617289105
252584744
166723191
569103717
141013288
694019354
529302015
394069078
449164819
249984195
407235963
691383174
498573449
422401495
880513808
